 MAB conc./(mg/mL)     viscosity/cP
   0.00002   1.00050
   0.16868   1.00254
   0.33735   1.00458
   0.50601   1.00663
   0.67468   1.00869
   0.84334   1.01076
   1.01201   1.01283
   1.18067   1.01491
   1.34934   1.01700
   1.51800   1.01909
   1.68667   1.02119
   1.85533   1.02330
   2.02400   1.02542
   2.19266   1.02754
   2.36133   1.02967
   2.52999   1.03181
   2.69866   1.03395
   2.86732   1.03611
   3.03599   1.03826
   3.20465   1.04043
   3.37332   1.04261
   3.54198   1.04479
   3.71065   1.04698
   3.87931   1.04917
   4.04798   1.05138
   4.21664   1.05359
   4.38531   1.05581
   4.55397   1.05803
   4.72264   1.06027
   4.89130   1.06251
   5.05997   1.06476
   5.22863   1.06701
   5.39730   1.06928
   5.56596   1.07155
   5.73463   1.07383
   5.90329   1.07611
   6.07196   1.07841
   6.24062   1.08071
   6.40929   1.08302
   6.57795   1.08533
   6.74662   1.08766
   6.91528   1.08999
   7.08395   1.09233
   7.25261   1.09468
   7.42128   1.09703
   7.58994   1.09940
   7.75861   1.10177
   7.92727   1.10415
   8.09594   1.10653
   8.26460   1.10893
   8.43327   1.11133
   8.60193   1.11374
   8.77060   1.11616
   8.93926   1.11858
   9.10793   1.12101
   9.27659   1.12346
   9.44526   1.12591
   9.61392   1.12836
   9.78259   1.13083
   9.95125   1.13330
  10.11992   1.13578
  10.28858   1.13827
  10.45725   1.14077
  10.62591   1.14327
  10.79458   1.14579
  10.96324   1.14831
  11.13191   1.15084
  11.30057   1.15338
  11.46924   1.15592
  11.63790   1.15848
  11.80657   1.16104
  11.97523   1.16361
  12.14390   1.16619
  12.31256   1.16878
  12.48123   1.17137
  12.64989   1.17398
  12.81856   1.17659
  12.98722   1.17921
  13.15589   1.18184
  13.32455   1.18447
  13.49322   1.18712
  13.66188   1.18977
  13.83055   1.19244
  13.99921   1.19511
  14.16788   1.19779
  14.33654   1.20048
  14.50521   1.20317
  14.67387   1.20588
  14.84254   1.20859
  15.01120   1.21131
  15.17987   1.21404
  15.34853   1.21678
  15.51720   1.21953
  15.68586   1.22229
  15.85453   1.22506
  16.02319   1.22783
  16.19186   1.23061
  16.36052   1.23340
  16.52919   1.23621
  16.69785   1.23902
  16.86652   1.24183
  17.03518   1.24466
  17.20385   1.24750
  17.37251   1.25034
  17.54118   1.25320
  17.70984   1.25606
  17.87851   1.25893
  18.04717   1.26181
  18.21584   1.26470
  18.38450   1.26760
  18.55317   1.27051
  18.72183   1.27343
  18.89050   1.27636
  19.05916   1.27929
  19.22783   1.28224
  19.39649   1.28519
  19.56516   1.28816
  19.73382   1.29113
  19.90249   1.29411
  20.07115   1.29710
  20.23982   1.30010
  20.40848   1.30311
  20.57715   1.30613
  20.74581   1.30916
  20.91448   1.31220
  21.08314   1.31525
  21.25181   1.31830
  21.42047   1.32137
  21.58914   1.32445
  21.75780   1.32753
  21.92647   1.33063
  22.09513   1.33374
  22.26380   1.33685
  22.43246   1.33998
  22.60113   1.34311
  22.76979   1.34625
  22.93846   1.34941
  23.10712   1.35257
  23.27579   1.35574
  23.44445   1.35893
  23.61312   1.36212
  23.78178   1.36532
  23.95045   1.36854
  24.11911   1.37176
  24.28778   1.37499
  24.45644   1.37824
  24.62511   1.38149
  24.79377   1.38475
  24.96244   1.38803
  25.13110   1.39131
  25.29977   1.39460
  25.46843   1.39791
  25.63710   1.40122
  25.80576   1.40455
  25.97443   1.40788
  26.14309   1.41123
  26.31176   1.41458
  26.48042   1.41795
  26.64909   1.42132
  26.81775   1.42471
  26.98642   1.42811
  27.15508   1.43151
  27.32375   1.43493
  27.49241   1.43836
  27.66108   1.44180
  27.82974   1.44525
  27.99841   1.44871
  28.16707   1.45218
  28.33574   1.45566
  28.50440   1.45915
  28.67307   1.46266
  28.84173   1.46617
  29.01040   1.46969
  29.17906   1.47323
  29.34773   1.47678
  29.51639   1.48033
  29.68506   1.48390
  29.85372   1.48748
  30.02239   1.49107
  30.19105   1.49467
  30.35972   1.49829
  30.52838   1.50191
  30.69705   1.50554
  30.86571   1.50919
  31.03438   1.51285
  31.20304   1.51652
  31.37171   1.52020
  31.54037   1.52389
  31.70904   1.52759
  31.87770   1.53130
  32.04637   1.53503
  32.21503   1.53876
  32.38370   1.54251
  32.55236   1.54627
  32.72103   1.55004
  32.88969   1.55383
  33.05836   1.55762
  33.22702   1.56143
  33.39569   1.56524
  33.56435   1.56907
  33.73302   1.57291
  33.90168   1.57677
  34.07035   1.58063
  34.23901   1.58451
  34.40768   1.58840
  34.57634   1.59230
  34.74501   1.59621
  34.91367   1.60013
  35.08234   1.60407
  35.25100   1.60802
  35.41967   1.61198
  35.58833   1.61595
  35.75700   1.61994
  35.92566   1.62393
  36.09433   1.62794
  36.26299   1.63196
  36.43166   1.63600
  36.60032   1.64004
  36.76899   1.64410
  36.93765   1.64817
  37.10632   1.65226
  37.27498   1.65635
  37.44365   1.66046
  37.61231   1.66458
  37.78098   1.66872
  37.94964   1.67286
  38.11831   1.67702
  38.28697   1.68119
  38.45564   1.68538
  38.62430   1.68958
  38.79297   1.69379
  38.96163   1.69801
  39.13030   1.70225
  39.29896   1.70650
  39.46763   1.71076
  39.63629   1.71503
  39.80496   1.71932
  39.97362   1.72362
  40.14229   1.72794
  40.31095   1.73227
  40.47962   1.73661
  40.64828   1.74096
  40.81695   1.74533
  40.98561   1.74971
  41.15428   1.75410
  41.32294   1.75851
  41.49161   1.76293
  41.66027   1.76737
  41.82894   1.77182
  41.99760   1.77628
  42.16627   1.78076
  42.33493   1.78524
  42.50360   1.78975
  42.67226   1.79426
  42.84093   1.79880
  43.00959   1.80334
  43.17826   1.80790
  43.34692   1.81247
  43.51559   1.81706
  43.68425   1.82166
  43.85292   1.82627
  44.02158   1.83090
  44.19025   1.83555
  44.35891   1.84020
  44.52758   1.84487
  44.69624   1.84956
  44.86491   1.85426
  45.03357   1.85897
  45.20224   1.86370
  45.37090   1.86845
  45.53957   1.87321
  45.70823   1.87798
  45.87690   1.88276
  46.04556   1.88757
  46.21423   1.89238
  46.38289   1.89721
  46.55156   1.90206
  46.72022   1.90692
  46.88889   1.91180
  47.05755   1.91669
  47.22622   1.92159
  47.39488   1.92651
  47.56355   1.93145
  47.73221   1.93640
  47.90088   1.94137
  48.06954   1.94635
  48.23821   1.95134
  48.40687   1.95636
  48.57554   1.96138
  48.74420   1.96643
  48.91287   1.97148
  49.08153   1.97656
  49.25020   1.98165
  49.41886   1.98675
  49.58753   1.99187
  49.75619   1.99701
  49.92486   2.00216
  50.09352   2.00732
  50.26219   2.01251
  50.43085   2.01771
  50.59952   2.02292
  50.76818   2.02815
  50.93685   2.03340
  51.10551   2.03866
  51.27418   2.04394
  51.44284   2.04924
  51.61151   2.05455
  51.78017   2.05988
  51.94884   2.06522
  52.11750   2.07058
  52.28617   2.07596
  52.45483   2.08135
  52.62350   2.08676
  52.79216   2.09219
  52.96083   2.09763
  53.12949   2.10309
  53.29816   2.10857
  53.46682   2.11406
  53.63549   2.11957
  53.80415   2.12510
  53.97282   2.13065
  54.14148   2.13621
  54.31015   2.14179
  54.47881   2.14738
  54.64748   2.15299
  54.81614   2.15862
  54.98481   2.16427
  55.15347   2.16994
  55.32214   2.17562
  55.49080   2.18132
  55.65947   2.18703
  55.82813   2.19277
  55.99680   2.19852
  56.16546   2.20429
  56.33413   2.21008
  56.50279   2.21588
  56.67146   2.22170
  56.84012   2.22755
  57.00879   2.23340
  57.17745   2.23928
  57.34612   2.24518
  57.51478   2.25109
  57.68345   2.25702
  57.85211   2.26297
  58.02078   2.26894
  58.18944   2.27492
  58.35811   2.28093
  58.52677   2.28695
  58.69544   2.29299
  58.86410   2.29905
  59.03277   2.30513
  59.20143   2.31123
  59.37010   2.31734
  59.53876   2.32348
  59.70743   2.32963
  59.87609   2.33580
  60.04476   2.34199
  60.21342   2.34820
  60.38209   2.35443
  60.55075   2.36068
  60.71942   2.36695
  60.88808   2.37324
  61.05675   2.37955
  61.22541   2.38587
  61.39408   2.39222
  61.56274   2.39858
  61.73141   2.40497
  61.90007   2.41137
  62.06874   2.41779
  62.23740   2.42424
  62.40607   2.43070
  62.57473   2.43719
  62.74340   2.44369
  62.91206   2.45021
  63.08073   2.45676
  63.24939   2.46332
  63.41806   2.46990
  63.58672   2.47651
  63.75539   2.48313
  63.92405   2.48978
  64.09272   2.49644
  64.26138   2.50313
  64.43005   2.50984
  64.59871   2.51657
  64.76738   2.52331
  64.93604   2.53008
  65.10471   2.53687
  65.27337   2.54368
  65.44204   2.55052
  65.61070   2.55737
  65.77937   2.56424
  65.94803   2.57114
  66.11670   2.57805
  66.28536   2.58499
  66.45403   2.59195
  66.62269   2.59893
  66.79136   2.60594
  66.96002   2.61296
  67.12869   2.62001
  67.29735   2.62707
  67.46602   2.63416
  67.63468   2.64127
  67.80335   2.64841
  67.97201   2.65556
  68.14068   2.66274
  68.30934   2.66994
  68.47801   2.67716
  68.64667   2.68441
  68.81534   2.69167
  68.98400   2.69896
  69.15267   2.70627
  69.32133   2.71361
  69.49000   2.72096
  69.65866   2.72834
  69.82733   2.73575
  69.99599   2.74317
  70.16466   2.75062
  70.33332   2.75809
  70.50199   2.76559
  70.67065   2.77310
  70.83932   2.78064
  71.00798   2.78821
  71.17665   2.79580
  71.34531   2.80341
  71.51398   2.81104
  71.68264   2.81870
  71.85131   2.82638
  72.01997   2.83409
  72.18864   2.84182
  72.35730   2.84957
  72.52597   2.85735
  72.69463   2.86515
  72.86330   2.87298
  73.03196   2.88083
  73.20063   2.88870
  73.36929   2.89660
  73.53796   2.90453
  73.70662   2.91248
  73.87529   2.92045
  74.04395   2.92845
  74.21262   2.93647
  74.38128   2.94452
  74.54995   2.95259
  74.71861   2.96069
  74.88728   2.96881
  75.05594   2.97696
  75.22461   2.98513
  75.39327   2.99333
  75.56194   3.00155
  75.73060   3.00980
  75.89927   3.01808
  76.06793   3.02638
  76.23660   3.03471
  76.40526   3.04306
  76.57393   3.05144
  76.74259   3.05984
  76.91126   3.06827
  77.07992   3.07673
  77.24859   3.08521
  77.41725   3.09372
  77.58592   3.10226
  77.75458   3.11082
  77.92325   3.11941
  78.09191   3.12803
  78.26058   3.13667
  78.42924   3.14534
  78.59791   3.15404
  78.76657   3.16276
  78.93524   3.17151
  79.10390   3.18029
  79.27257   3.18909
  79.44123   3.19793
  79.60990   3.20679
  79.77856   3.21568
  79.94723   3.22459
  80.11589   3.23354
  80.28456   3.24251
  80.45322   3.25151
  80.62189   3.26054
  80.79055   3.26959
  80.95922   3.27867
  81.12788   3.28779
  81.29655   3.29693
  81.46521   3.30610
  81.63388   3.31530
  81.80254   3.32452
  81.97121   3.33378
  82.13987   3.34306
  82.30854   3.35237
  82.47720   3.36172
  82.64587   3.37109
  82.81453   3.38049
  82.98320   3.38992
  83.15186   3.39938
  83.32053   3.40887
  83.48919   3.41839
  83.65786   3.42794
  83.82652   3.43751
  83.99519   3.44712
  84.16385   3.45676
  84.33252   3.46643
  84.50118   3.47613
  84.66985   3.48586
  84.83851   3.49562
  85.00718   3.50541
  85.17584   3.51523
  85.34451   3.52508
  85.51317   3.53496
  85.68184   3.54487
  85.85050   3.55482
  86.01917   3.56479
  86.18783   3.57480
  86.35650   3.58484
  86.52516   3.59491
  86.69383   3.60501
  86.86249   3.61514
  87.03116   3.62531
  87.19982   3.63550
  87.36849   3.64573
  87.53715   3.65599
  87.70582   3.66628
  87.87448   3.67661
  88.04315   3.68697
  88.21181   3.69736
  88.38048   3.70778
  88.54914   3.71823
  88.71781   3.72872
  88.88647   3.73924
  89.05514   3.74979
  89.22380   3.76038
  89.39247   3.77100
  89.56113   3.78165
  89.72980   3.79234
  89.89846   3.80306
  90.06713   3.81382
  90.23579   3.82460
  90.40446   3.83542
  90.57312   3.84628
  90.74179   3.85717
  90.91045   3.86809
  91.07912   3.87905
  91.24778   3.89005
  91.41645   3.90107
  91.58511   3.91213
  91.75378   3.92323
  91.92244   3.93436
  92.09111   3.94553
  92.25977   3.95673
  92.42844   3.96797
  92.59710   3.97924
  92.76577   3.99055
  92.93443   4.00189
  93.10310   4.01327
  93.27176   4.02469
  93.44043   4.03614
  93.60909   4.04763
  93.77776   4.05915
  93.94642   4.07071
  94.11509   4.08231
  94.28375   4.09394
  94.45242   4.10561
  94.62108   4.11732
  94.78975   4.12906
  94.95841   4.14084
  95.12708   4.15266
  95.29574   4.16451
  95.46441   4.17640
  95.63307   4.18833
  95.80174   4.20030
  95.97040   4.21230
  96.13907   4.22435
  96.30773   4.23643
  96.47640   4.24855
  96.64506   4.26070
  96.81373   4.27290
  96.98239   4.28513
  97.15106   4.29741
  97.31972   4.30972
  97.48839   4.32207
  97.65705   4.33446
  97.82572   4.34689
  97.99438   4.35936
  98.16305   4.37186
  98.33171   4.38441
  98.50038   4.39700
  98.66904   4.40962
  98.83771   4.42229
  99.00637   4.43500
  99.17504   4.44774
  99.34370   4.46053
  99.51237   4.47336
  99.68103   4.48623
  99.84970   4.49914
 100.01836   4.51209
 100.18703   4.52508
 100.35569   4.53811
 100.52436   4.55118
 100.69302   4.56430
 100.86169   4.57745
 101.03035   4.59065
 101.19902   4.60389
 101.36768   4.61717
 101.53635   4.63050
 101.70501   4.64386
 101.87368   4.65727
 102.04234   4.67072
 102.21101   4.68422
 102.37967   4.69775
 102.54834   4.71133
 102.71700   4.72496
 102.88567   4.73862
 103.05433   4.75233
 103.22300   4.76608
 103.39166   4.77988
 103.56033   4.79372
 103.72899   4.80760
 103.89766   4.82153
 104.06632   4.83551
 104.23499   4.84952
 104.40365   4.86358
 104.57232   4.87769
 104.74098   4.89184
 104.90965   4.90604
 105.07831   4.92028
 105.24698   4.93457
 105.41564   4.94890
 105.58431   4.96328
 105.75297   4.97770
 105.92164   4.99217
 106.09030   5.00669
 106.25897   5.02125
 106.42763   5.03585
 106.59630   5.05051
 106.76496   5.06521
 106.93363   5.07996
 107.10229   5.09475
 107.27096   5.10960
 107.43962   5.12449
 107.60829   5.13942
 107.77695   5.15441
 107.94562   5.16944
 108.11428   5.18452
 108.28295   5.19965
 108.45161   5.21482
 108.62028   5.23005
 108.78894   5.24532
 108.95761   5.26065
 109.12627   5.27602
 109.29494   5.29144
 109.46360   5.30691
 109.63227   5.32242
 109.80093   5.33799
 109.96960   5.35361
 110.13826   5.36928
 110.30693   5.38500
 110.47559   5.40077
 110.64426   5.41658
 110.81292   5.43245
 110.98159   5.44837
 111.15025   5.46434
 111.31892   5.48037
 111.48758   5.49644
 111.65625   5.51256
 111.82491   5.52874
 111.99358   5.54497
 112.16224   5.56125
 112.33091   5.57758
 112.49957   5.59396
 112.66824   5.61040
 112.83690   5.62689
 113.00557   5.64343
 113.17423   5.66003
 113.34290   5.67667
 113.51156   5.69338
 113.68023   5.71013
 113.84889   5.72694
 114.01756   5.74380
 114.18622   5.76072
 114.35489   5.77769
 114.52355   5.79471
 114.69222   5.81179
 114.86088   5.82893
 115.02955   5.84612
 115.19821   5.86336
 115.36688   5.88066
 115.53554   5.89802
 115.70421   5.91543
 115.87287   5.93290
 116.04154   5.95042
 116.21020   5.96800
 116.37887   5.98563
 116.54753   6.00333
 116.71620   6.02107
 116.88486   6.03888
 117.05353   6.05674
 117.22219   6.07466
 117.39086   6.09264
 117.55952   6.11068
 117.72819   6.12877
 117.89685   6.14693
 118.06552   6.16514
 118.23418   6.18341
 118.40285   6.20173
 118.57151   6.22012
 118.74018   6.23857
 118.90884   6.25707
 119.07751   6.27564
 119.24617   6.29426
 119.41484   6.31295
 119.58350   6.33169
 119.75217   6.35050
 119.92083   6.36936
 120.08950   6.38829
 120.25816   6.40728
 120.42683   6.42632
 120.59549   6.44543
 120.76416   6.46461
 120.93282   6.48384
 121.10149   6.50314
 121.27015   6.52249
 121.43882   6.54191
 121.60748   6.56140
 121.77615   6.58094
 121.94481   6.60055
 122.11348   6.62022
 122.28214   6.63996
 122.45081   6.65976
 122.61947   6.67962
 122.78814   6.69954
 122.95680   6.71954
 123.12547   6.73959
 123.29413   6.75971
 123.46280   6.77990
 123.63146   6.80015
 123.80013   6.82047
 123.96879   6.84085
 124.13746   6.86129
 124.30612   6.88181
 124.47479   6.90239
 124.64345   6.92304
 124.81212   6.94375
 124.98078   6.96453
 125.14945   6.98538
 125.31811   7.00629
 125.48678   7.02728
 125.65544   7.04833
 125.82411   7.06944
 125.99277   7.09063
 126.16144   7.11189
 126.33010   7.13321
 126.49877   7.15461
 126.66743   7.17607
 126.83610   7.19760
 127.00476   7.21920
 127.17343   7.24087
 127.34209   7.26262
 127.51076   7.28443
 127.67942   7.30631
 127.84809   7.32827
 128.01675   7.35029
 128.18542   7.37239
 128.35408   7.39456
 128.52275   7.41680
 128.69141   7.43911
 128.86008   7.46150
 129.02874   7.48396
 129.19741   7.50649
 129.36607   7.52909
 129.53474   7.55177
 129.70340   7.57452
 129.87207   7.59734
 130.04073   7.62024
 130.20940   7.64322
 130.37806   7.66626
 130.54673   7.68939
 130.71539   7.71258
 130.88406   7.73586
 131.05272   7.75921
 131.22139   7.78263
 131.39005   7.80613
 131.55872   7.82971
 131.72738   7.85336
 131.89605   7.87709
 132.06471   7.90090
 132.23338   7.92479
 132.40204   7.94875
 132.57071   7.97279
 132.73937   7.99691
 132.90804   8.02111
 133.07670   8.04539
 133.24537   8.06974
 133.41403   8.09418
 133.58270   8.11869
 133.75136   8.14329
 133.92003   8.16796
 134.08869   8.19272
 134.25736   8.21755
 134.42602   8.24247
 134.59469   8.26747
 134.76335   8.29255
 134.93202   8.31771
 135.10068   8.34295
 135.26935   8.36828
 135.43801   8.39369
 135.60668   8.41918
 135.77534   8.44475
 135.94401   8.47041
 136.11267   8.49615
 136.28134   8.52198
 136.45000   8.54789
 136.61867   8.57388
 136.78733   8.59996
 136.95600   8.62613
 137.12466   8.65238
 137.29333   8.67872
 137.46199   8.70514
 137.63066   8.73165
 137.79932   8.75824
 137.96799   8.78492
 138.13665   8.81169
 138.30532   8.83855
 138.47398   8.86549
 138.64265   8.89253
 138.81131   8.91965
 138.97998   8.94686
 139.14864   8.97416
 139.31731   9.00155
 139.48597   9.02902
 139.65464   9.05659
 139.82330   9.08425
 139.99197   9.11200
 140.16063   9.13984
 140.32930   9.16777
 140.49796   9.19579
 140.66663   9.22390
 140.83529   9.25211
 141.00396   9.28041
 141.17262   9.30880
 141.34129   9.33729
 141.50995   9.36586
 141.67862   9.39454
 141.84728   9.42330
 142.01595   9.45216
 142.18461   9.48112
 142.35328   9.51017
 142.52194   9.53931
 142.69061   9.56855
 142.85927   9.59789
 143.02794   9.62732
 143.19660   9.65685
 143.36527   9.68648
 143.53393   9.71620
 143.70260   9.74602
 143.87126   9.77594
 144.03993   9.80596
 144.20859   9.83607
 144.37726   9.86629
 144.54592   9.89660
 144.71459   9.92702
 144.88325   9.95753
 145.05192   9.98815
 145.22058  10.01886
 145.38925  10.04968
 145.55791  10.08060
 145.72658  10.11162
 145.89524  10.14274
 146.06391  10.17396
 146.23257  10.20529
 146.40124  10.23672
 146.56990  10.26825
 146.73857  10.29989
 146.90723  10.33163
 147.07590  10.36347
 147.24456  10.39542
 147.41323  10.42748
 147.58189  10.45964
 147.75056  10.49191
 147.91922  10.52428
 148.08789  10.55676
 148.25655  10.58935
 148.42522  10.62205
 148.59388  10.65485
 148.76255  10.68776
 148.93121  10.72078
 149.09988  10.75391
 149.26854  10.78715
 149.43721  10.82049
 149.60587  10.85395
 149.77454  10.88752
 149.94320  10.92120
 150.11187  10.95499
 150.28053  10.98889
 150.44920  11.02290
 150.61786  11.05703
 150.78653  11.09127
 150.95519  11.12562
 151.12386  11.16008
 151.29252  11.19466
 151.46119  11.22936
 151.62985  11.26417
 151.79852  11.29909
 151.96718  11.33413
 152.13585  11.36928
 152.30451  11.40455
 152.47318  11.43994
 152.64184  11.47544
 152.81051  11.51107
 152.97917  11.54681
 153.14784  11.58266
 153.31650  11.61864
 153.48517  11.65474
 153.65383  11.69095
 153.82250  11.72729
 153.99116  11.76374
 154.15983  11.80032
 154.32849  11.83702
 154.49716  11.87384
 154.66582  11.91078
 154.83449  11.94784
 155.00315  11.98503
 155.17182  12.02234
 155.34048  12.05977
 155.50915  12.09733
 155.67781  12.13501
 155.84648  12.17282
 156.01514  12.21075
 156.18381  12.24881
 156.35247  12.28700
 156.52114  12.32531
 156.68980  12.36375
 156.85847  12.40231
 157.02713  12.44101
 157.19580  12.47983
 157.36446  12.51878
 157.53313  12.55786
 157.70179  12.59707
 157.87046  12.63641
 158.03912  12.67589
 158.20779  12.71549
 158.37645  12.75522
 158.54512  12.79509
 158.71378  12.83509
 158.88245  12.87522
 159.05111  12.91549
 159.21978  12.95589
 159.38844  12.99642
 159.55711  13.03709
 159.72577  13.07789
 159.89444  13.11883
 160.06310  13.15991
 160.23177  13.20112
 160.40043  13.24247
 160.56910  13.28396
 160.73776  13.32559
 160.90643  13.36735
 161.07509  13.40926
 161.24376  13.45130
 161.41242  13.49348
 161.58109  13.53581
 161.74975  13.57827
 161.91842  13.62088
 162.08708  13.66363
 162.25575  13.70652
 162.42441  13.74955
 162.59308  13.79273
 162.76174  13.83605
 162.93041  13.87952
 163.09907  13.92313
 163.26774  13.96688
 163.43640  14.01079
 163.60507  14.05483
 163.77373  14.09903
 163.94240  14.14337
 164.11106  14.18787
 164.27973  14.23251
 164.44839  14.27730
 164.61706  14.32223
 164.78572  14.36732
 164.95439  14.41256
 165.12305  14.45795
 165.29172  14.50350
 165.46038  14.54919
 165.62905  14.59504
 165.79771  14.64104
 165.96638  14.68719
 166.13504  14.73350
 166.30371  14.77996
 166.47237  14.82658
 166.64104  14.87336
 166.80970  14.92029
 166.97837  14.96738
 167.14703  15.01463
 167.31570  15.06203
 167.48436  15.10959
 167.65303  15.15731
 167.82169  15.20520
 167.99036  15.25324
 168.15902  15.30144
 168.32769  15.34981
 168.49635  15.39833
 168.66502  15.44702
 168.83368  15.49588
 169.00235  15.54489
 169.17101  15.59407
 169.33968  15.64342
 169.50834  15.69293
 169.67701  15.74260
 169.84567  15.79245
 170.01434  15.84246
 170.18300  15.89264
 170.35167  15.94298
 170.52033  15.99350
 170.68900  16.04418
 170.85766  16.09504
 171.02633  16.14607
 171.19499  16.19726
 171.36366  16.24863
 171.53232  16.30017
 171.70099  16.35189
 171.86965  16.40378
 172.03832  16.45584
 172.20698  16.50808
 172.37565  16.56049
 172.54431  16.61308
 172.71298  16.66585
 172.88164  16.71879
 173.05031  16.77191
 173.21897  16.82521
 173.38764  16.87869
 173.55630  16.93235
 173.72497  16.98619
 173.89363  17.04021
 174.06230  17.09441
 174.23096  17.14880
 174.39963  17.20336
 174.56829  17.25812
 174.73696  17.31305
 174.90562  17.36817
 175.07429  17.42348
 175.24295  17.47897
 175.41162  17.53465
 175.58028  17.59052
 175.74895  17.64657
 175.91761  17.70282
 176.08628  17.75925
 176.25494  17.81588
 176.42361  17.87269
 176.59227  17.92970
 176.76094  17.98690
 176.92960  18.04429
 177.09827  18.10187
 177.26693  18.15965
 177.43560  18.21763
 177.60426  18.27580
 177.77293  18.33416
 177.94159  18.39272
 178.11026  18.45149
 178.27892  18.51044
 178.44759  18.56960
 178.61625  18.62896
 178.78492  18.68852
 178.95358  18.74828
 179.12225  18.80824
 179.29091  18.86840
 179.45958  18.92877
 179.62824  18.98934
 179.79691  19.05012
 179.96557  19.11110
 180.13424  19.17228
 180.30290  19.23368
 180.47157  19.29528
 180.64023  19.35709
 180.80890  19.41911
 180.97756  19.48134
 181.14623  19.54377
 181.31489  19.60643
 181.48356  19.66929
 181.65222  19.73236
 181.82089  19.79565
 181.98955  19.85915
 182.15822  19.92287
 182.32688  19.98681
 182.49555  20.05096
 182.66421  20.11532
 182.83288  20.17991
 183.00154  20.24471
 183.17021  20.30974
 183.33887  20.37498
 183.50754  20.44044
 183.67620  20.50613
 183.84487  20.57204
 184.01353  20.63817
 184.18220  20.70453
 184.35086  20.77111
 184.51953  20.83792
 184.68819  20.90496
 184.85686  20.97222
 185.02552  21.03971
 185.19419  21.10743
 185.36285  21.17538
 185.53152  21.24356
 185.70018  21.31197
 185.86885  21.38061
 186.03751  21.44949
 186.20618  21.51860
 186.37484  21.58794
 186.54351  21.65752
 186.71217  21.72734
 186.88084  21.79739
 187.04950  21.86769
 187.21817  21.93822
 187.38683  22.00899
 187.55550  22.08000
 187.72416  22.15125
 187.89283  22.22275
 188.06149  22.29448
 188.23016  22.36647
 188.39882  22.43869
 188.56749  22.51117
 188.73615  22.58389
 188.90482  22.65685
 189.07348  22.73007
 189.24215  22.80353
 189.41081  22.87724
 189.57948  22.95121
 189.74814  23.02543
 189.91681  23.09990
 190.08547  23.17462
 190.25414  23.24960
 190.42280  23.32483
 190.59147  23.40032
 190.76013  23.47607
 190.92880  23.55207
 191.09746  23.62833
 191.26613  23.70486
 191.43479  23.78164
 191.60346  23.85869
 191.77212  23.93600
 191.94079  24.01357
 192.10945  24.09141
 192.27812  24.16951
 192.44678  24.24788
 192.61545  24.32652
 192.78411  24.40542
 192.95278  24.48459
 193.12144  24.56404
 193.29011  24.64375
 193.45877  24.72374
 193.62744  24.80400
 193.79610  24.88454
 193.96477  24.96535
 194.13343  25.04643
 194.30210  25.12780
 194.47076  25.20944
 194.63943  25.29136
 194.80809  25.37356
 194.97676  25.45604
 195.14542  25.53880
 195.31409  25.62185
 195.48275  25.70518
 195.65142  25.78879
 195.82008  25.87269
 195.98875  25.95688
 196.15741  26.04136
 196.32608  26.12612
 196.49474  26.21117
 196.66341  26.29652
 196.83207  26.38216
 197.00074  26.46809
 197.16940  26.55431
 197.33807  26.64083
 197.50673  26.72765
 197.67540  26.81476
 197.84406  26.90218
 198.01273  26.98989
 198.18139  27.07790
 198.35006  27.16621
 198.51872  27.25483
 198.68739  27.34375
 198.85605  27.43297
 199.02472  27.52250
 199.19338  27.61234
 199.36205  27.70249
 199.53071  27.79294
 199.69938  27.88371
 199.86804  27.97478
 200.03671  28.06617
 200.20537  28.15787
 200.37404  28.24989
 200.54270  28.34222
 200.71137  28.43487
 200.88003  28.52784
 201.04870  28.62113
 201.21736  28.71473
 201.38603  28.80866
 201.55469  28.90291
 201.72336  28.99749
 201.89202  29.09239
 202.06069  29.18761
 202.22935  29.28317
 202.39802  29.37905
 202.56668  29.47526
 202.73535  29.57180
 202.90401  29.66867
 203.07268  29.76588
 203.24134  29.86342
 203.41001  29.96130
 203.57867  30.05951
 203.74734  30.15806
 203.91600  30.25695
 204.08467  30.35618
 204.25333  30.45575
 204.42200  30.55566
 204.59066  30.65592
 204.75933  30.75652
 204.92799  30.85747
 205.09666  30.95877
 205.26532  31.06041
 205.43399  31.16241
 205.60265  31.26476
 205.77132  31.36746
 205.93998  31.47051
 206.10865  31.57392
 206.27731  31.67768
 206.44598  31.78180
 206.61464  31.88628
 206.78331  31.99113
 206.95197  32.09633
 207.12064  32.20189
 207.28930  32.30782
 207.45797  32.41412
 207.62663  32.52078
 207.79530  32.62781
 207.96396  32.73521
 208.13263  32.84298
 208.30129  32.95112
 208.46996  33.05963
 208.63862  33.16852
 208.80729  33.27779
 208.97595  33.38743
 209.14462  33.49745
 209.31328  33.60785
 209.48195  33.71863
 209.65061  33.82980
 209.81928  33.94134
 209.98794  34.05328
 210.15661  34.16560
 210.32527  34.27831
 210.49394  34.39141
 210.66260  34.50490
 210.83127  34.61878
 210.99993  34.73305
 211.16860  34.84772
 211.33726  34.96279
 211.50593  35.07826
 211.67459  35.19412
 211.84326  35.31039
 212.01192  35.42705
 212.18059  35.54412
 212.34925  35.66160
 212.51792  35.77948
 212.68658  35.89778
 212.85525  36.01648
 213.02391  36.13559
 213.19258  36.25511
 213.36124  36.37505
 213.52991  36.49540
 213.69857  36.61618
 213.86724  36.73736
 214.03590  36.85897
 214.20457  36.98100
 214.37323  37.10346
 214.54190  37.22633
 214.71056  37.34964
 214.87923  37.47337
 215.04789  37.59753
 215.21656  37.72212
 215.38522  37.84714
 215.55389  37.97260
 215.72255  38.09849
 215.89122  38.22482
 216.05988  38.35159
 216.22855  38.47879
 216.39721  38.60644
 216.56588  38.73453
 216.73454  38.86307
 216.90321  38.99205
 217.07187  39.12148
 217.24054  39.25136
 217.40920  39.38169
 217.57787  39.51247
 217.74653  39.64371
 217.91520  39.77541
 218.08386  39.90756
 218.25253  40.04017
 218.42119  40.17324
 218.58986  40.30677
 218.75852  40.44077
 218.92719  40.57524
 219.09585  40.71017
 219.26452  40.84557
 219.43318  40.98144
 219.60185  41.11778
 219.77051  41.25460
 219.93918  41.39190
 220.10784  41.52967
 220.27651  41.66792
 220.44517  41.80666
 220.61384  41.94587
 220.78250  42.08557
 220.95117  42.22576
 221.11983  42.36643
 221.28850  42.50760
 221.45716  42.64926
 221.62583  42.79141
 221.79449  42.93405
 221.96316  43.07719
 222.13182  43.22084
 222.30049  43.36498
 222.46915  43.50962
 222.63782  43.65477
 222.80648  43.80042
 222.97515  43.94659
 223.14381  44.09326
 223.31248  44.24044
 223.48114  44.38814
 223.64981  44.53635
 223.81847  44.68508
 223.98714  44.83433
 224.15580  44.98409
 224.32447  45.13439
 224.49313  45.28520
 224.66180  45.43654
 224.83046  45.58841
 224.99913  45.74082
 225.16779  45.89375
 225.33646  46.04722
 225.50512  46.20122
 225.67379  46.35576
 225.84245  46.51084
 226.01112  46.66646
 226.17978  46.82263
 226.34845  46.97934
 226.51711  47.13660
 226.68578  47.29441
 226.85444  47.45277
 227.02311  47.61169
 227.19177  47.77116
 227.36044  47.93119
 227.52910  48.09177
 227.69777  48.25292
 227.86643  48.41464
 228.03510  48.57692
 228.20376  48.73976
 228.37243  48.90318
 228.54109  49.06717
 228.70976  49.23173
 228.87842  49.39687
 229.04709  49.56259
 229.21575  49.72889
 229.38442  49.89576
 229.55308  50.06323
 229.72175  50.23128
 229.89041  50.39992
 230.05908  50.56915
 230.22774  50.73897
 230.39641  50.90939
 230.56507  51.08041
 230.73374  51.25202
 230.90240  51.42424
 231.07107  51.59706
 231.23973  51.77048
 231.40840  51.94452
 231.57706  52.11916
 231.74573  52.29442
 231.91439  52.47029
 232.08306  52.64678
 232.25172  52.82389
 232.42039  53.00162
 232.58905  53.17997
 232.75772  53.35895
 232.92638  53.53856
 233.09505  53.71880
 233.26371  53.89967
 233.43238  54.08118
 233.60104  54.26332
 233.76971  54.44610
 233.93837  54.62953
 234.10704  54.81360
 234.27570  54.99832
 234.44437  55.18368
 234.61303  55.36970
 234.78170  55.55637
 234.95036  55.74370
 235.11903  55.93168
 235.28769  56.12033
 235.45636  56.30964
 235.62502  56.49961
 235.79369  56.69026
 235.96235  56.88157
 236.13102  57.07356
 236.29968  57.26622
 236.46835  57.45956
 236.63701  57.65358
 236.80568  57.84829
 236.97434  58.04368
 237.14301  58.23975
 237.31167  58.43652
 237.48034  58.63398
 237.64900  58.83214
 237.81767  59.03099
 237.98633  59.23054
 238.15500  59.43080
 238.32366  59.63176
 238.49233  59.83343
 238.66099  60.03581
 238.82966  60.23891
 238.99832  60.44272
 239.16699  60.64724
 239.33565  60.85249
 239.50432  61.05847
 239.67298  61.26516
 239.84165  61.47259
 240.01031  61.68075
 240.17898  61.88965
 240.34764  62.09928
 240.51631  62.30965
 240.68497  62.52076
 240.85364  62.73262
 241.02230  62.94522
 241.19097  63.15858
 241.35963  63.37269
 241.52830  63.58755
 241.69696  63.80318
 241.86563  64.01956
 242.03429  64.23671
 242.20296  64.45463
 242.37162  64.67331
 242.54029  64.89277
 242.70895  65.11301
 242.87762  65.33402
 243.04628  65.55581
 243.21495  65.77839
 243.38361  66.00175
 243.55228  66.22590
 243.72094  66.45085
 243.88961  66.67659
 244.05827  66.90313
 244.22694  67.13047
 244.39560  67.35862
 244.56427  67.58757
 244.73293  67.81733
 244.90160  68.04791
 245.07026  68.27930
 245.23893  68.51151
 245.40759  68.74454
 245.57626  68.97840
 245.74492  69.21308
 245.91359  69.44860
 246.08225  69.68495
 246.25092  69.92213
 246.41958  70.16016
 246.58825  70.39903
 246.75691  70.63874
 246.92558  70.87931
 247.09424  71.12073
 247.26291  71.36300
 247.43157  71.60613
 247.60024  71.85013
 247.76890  72.09499
 247.93757  72.34071
 248.10623  72.58731
 248.27490  72.83478
 248.44356  73.08313
 248.61223  73.33236
 248.78089  73.58248
 248.94956  73.83348
 249.11822  74.08537
 249.28689  74.33816
 249.45555  74.59184
 249.62422  74.84643
 249.79288  75.10192
 249.96155  75.35831
 250.13021  75.61562
 250.29888  75.87384
 250.46754  76.13297
 250.63621  76.39303
 250.80487  76.65401
 250.97354  76.91591
 251.14220  77.17875
 251.31087  77.44252
 251.47953  77.70723
 251.64820  77.97288
 251.81686  78.23948
 251.98553  78.50702
 252.15419  78.77551
 252.32286  79.04496
 252.49152  79.31536
 252.66019  79.58673
 252.82885  79.85906
